000000000111010100110000
000000000100000110011011
111111111111101110111110
000000000000001000010101
000000000001011011110110
111111111111001101010100
111111111101111100001100
000000000001100010001110
000000000100001000001110
000000000000011100110110
111111111011110101010001
111111111100001100010011
111111111101101011011001
111111111011110101110000
111111111011001001011011
111111111111011110001000
000000000010111010000110
000000000000001001000001
111111111100011100110100
111111111101101101000010
000000000000000000000000
111111111110110101111111
111111111110101010101100
000000000011010011111110
000000000110110110111010
000000000011111110110110
111111111111111110000101
000000000000101101010010
000000000010010100100111
000000000000010110101111
111111111111010010001111
000000000011000000001000
000000000101101000110010
000000000001111010110000
111111111101001011010100
111111111101010101101110
111111111110100100001010
111111111100011010101101
111111111011011000100010
111111111111010110100011
000000000010011100010000
111111111111010110100011
111111111011011000100010
111111111100011010101101
111111111110100100001010
111111111101010101101110
111111111101001011010100
000000000001111010110000
000000000101101000110010
000000000011000000001000
111111111111010010001111
000000000000010110101111
000000000010010100100111
000000000000101101010010
111111111111111110000101
000000000011111110110110
000000000110110110111010
000000000011010011111110
111111111110101010101100
111111111110110101111111
000000000000000000000000
111111111101101101000010
111111111100011100110100
000000000000001001000001
000000000010111010000110
111111111111011110001000
111111111011001001011011
111111111011110101110000
111111111101101011011001
111111111100001100010011
111111111011110101010001
000000000000011100110110
000000000100001000001110
000000000001100010001110
111111111101111100001100
111111111111001101010100
000000000001011011110110
000000000000001000010101
111111111111101110111110
000000000100000110011011
000000000111010100110000
000000000100000110011011
111111111111101110111110
000000000000001000010101
000000000001011011110110
111111111111001101010100
111111111101111100001100
000000000001100010001110
000000000100001000001110
000000000000011100110110
111111111011110101010001
111111111100001100010011
111111111101101011011001
111111111011110101110000
111111111011001001011011
111111111111011110001000
000000000010111010000110
000000000000001001000001
111111111100011100110100
111111111101101101000010
000000000000000000000000
111111111110110101111111
111111111110101010101100
000000000011010011111110
000000000110110110111010
000000000011111110110110
111111111111111110000101
000000000000101101010010
000000000010010100100111
000000000000010110101111
111111111111010010001111
000000000011000000001000
000000000101101000110010
000000000001111010110000
111111111101001011010100
111111111101010101101110
111111111110100100001010
111111111100011010101101
111111111011011000100010
111111111111010110100011
000000000010011100010000
111111111111010110100011
111111111011011000100010
111111111100011010101101
111111111110100100001010
111111111101010101101110
111111111101001011010100
000000000001111010110000
000000000101101000110010
000000000011000000001000
111111111111010010001111
000000000000010110101111
000000000010010100100111
000000000000101101010010
111111111111111110000101
000000000011111110110110
000000000110110110111010
000000000011010011111110
111111111110101010101100
111111111110110101111111
000000000000000000000000
111111111101101101000010
111111111100011100110100
000000000000001001000001
000000000010111010000110
111111111111011110001000
111111111011001001011011
111111111011110101110000
111111111101101011011001
111111111100001100010011
111111111011110101010001
000000000000011100110110
000000000100001000001110
000000000001100010001110
111111111101111100001100
111111111111001101010100
000000000001011011110110
000000000000001000010101
111111111111101110111110
000000000100000110011011
000000000111010100110000
000000000100000110011011
111111111111101110111110
000000000000001000010101
000000000001011011110110
111111111111001101010100
111111111101111100001100
000000000001100010001110
000000000100001000001110
000000000000011100110110
111111111011110101010001
111111111100001100010011
111111111101101011011001
111111111011110101110000
111111111011001001011011
111111111111011110001000
000000000010111010000110
000000000000001001000001
111111111100011100110100
111111111101101101000010
000000000000000000000000
111111111110110101111111
111111111110101010101100
000000000011010011111110
000000000110110110111010
000000000011111110110110
111111111111111110000101
000000000000101101010010
000000000010010100100111
000000000000010110101111
111111111111010010001111
000000000011000000001000
000000000101101000110010
000000000001111010110000
111111111101001011010100
111111111101010101101110
111111111110100100001010
111111111100011010101101
111111111011011000100010
111111111111010110100011
000000000010011100010000
111111111111010110100011
111111111011011000100010
111111111100011010101101
111111111110100100001010
111111111101010101101110
111111111101001011010100
000000000001111010110000
000000000101101000110010
000000000011000000001000
111111111111010010001111
000000000000010110101111
000000000010010100100111
000000000000101101010010
111111111111111110000101
000000000011111110110110
000000000110110110111010
000000000011010011111110
111111111110101010101100
111111111110110101111111
000000000000000000000000
111111111101101101000010
111111111100011100110100
000000000000001001000001
000000000010111010000110
111111111111011110001000
111111111011001001011011
111111111011110101110000
111111111101101011011001
111111111100001100010011
111111111011110101010001
000000000000011100110110
000000000100001000001110
000000000001100010001110
111111111101111100001100
111111111111001101010100
000000000001011011110110
000000000000001000010101
111111111111101110111110
000000000100000110011011
000000000111010100110000
000000000100000110011011
111111111111101110111110
000000000000001000010101
000000000001011011110110
111111111111001101010100
111111111101111100001100
000000000001100010001110
000000000100001000001110
000000000000011100110110
111111111011110101010001
111111111100001100010011
111111111101101011011001
111111111011110101110000
111111111011001001011011
111111111111011110001000
000000000010111010000110
000000000000001001000001
111111111100011100110100
111111111101101101000010
000000000000000000000000
111111111110110101111111
111111111110101010101100
000000000011010011111110
000000000110110110111010
000000000011111110110110
111111111111111110000101
000000000000101101010010
000000000010010100100111
000000000000010110101111
111111111111010010001111
000000000011000000001000
000000000101101000110010
000000000001111010110000
111111111101001011010100
111111111101010101101110
111111111110100100001010
111111111100011010101101
111111111011011000100010
111111111111010110100011
000000000010011100010000
111111111111010110100011
111111111011011000100010
111111111100011010101101
111111111110100100001010
111111111101010101101110
111111111101001011010100
000000000001111010110000
000000000101101000110010
000000000011000000001000
111111111111010010001111
000000000000010110101111
000000000010010100100111
000000000000101101010010
111111111111111110000101
000000000011111110110110
000000000110110110111010
000000000011010011111110
111111111110101010101100
111111111110110101111111
000000000000000000000000
111111111101101101000010
111111111100011100110100
000000000000001001000001
000000000010111010000110
111111111111011110001000
111111111011001001011011
111111111011110101110000
111111111101101011011001
111111111100001100010011
111111111011110101010001
000000000000011100110110
000000000100001000001110
000000000001100010001110
111111111101111100001100
111111111111001101010100
000000000001011011110110
000000000000001000010101
111111111111101110111110
000000000100000110011011
000000000111010100110000
000000000100000110011011
111111111111101110111110
000000000000001000010101
000000000001011011110110
111111111111001101010100
111111111101111100001100
000000000001100010001110
000000000100001000001110
000000000000011100110110
111111111011110101010001
111111111100001100010011
111111111101101011011001
111111111011110101110000
111111111011001001011011
111111111111011110001000
000000000010111010000110
000000000000001001000001
111111111100011100110100
111111111101101101000010
000000000000000000000000
111111111110110101111111
111111111110101010101100
000000000011010011111110
000000000110110110111010
000000000011111110110110
111111111111111110000101
000000000000101101010010
000000000010010100100111
000000000000010110101111
111111111111010010001111
000000000011000000001000
000000000101101000110010
000000000001111010110000
111111111101001011010100
111111111101010101101110
111111111110100100001010
111111111100011010101101
111111111011011000100010
111111111111010110100011
000000000010011100010000
111111111111010110100011
111111111011011000100010
111111111100011010101101
111111111110100100001010
111111111101010101101110
111111111101001011010100
000000000001111010110000
000000000101101000110010
000000000011000000001000
111111111111010010001111
000000000000010110101111
000000000010010100100111
000000000000101101010010
111111111111111110000101
000000000011111110110110
000000000110110110111010
000000000011010011111110
111111111110101010101100
111111111110110101111111
000000000000000000000000
111111111101101101000010
111111111100011100110100
000000000000001001000001
000000000010111010000110
111111111111011110001000
111111111011001001011011
111111111011110101110000
111111111101101011011001
111111111100001100010011
111111111011110101010001
000000000000011100110110
000000000100001000001110
000000000001100010001110
111111111101111100001100
111111111111001101010100
000000000001011011110110
000000000000001000010101
111111111111101110111110
000000000100000110011011
000000000111010100110000
000000000100000110011011
111111111111101110111110
000000000000001000010101
000000000001011011110110
111111111111001101010100
111111111101111100001100
000000000001100010001110
000000000100001000001110
000000000000011100110110
111111111011110101010001
111111111100001100010011
111111111101101011011001
111111111011110101110000
111111111011001001011011
111111111111011110001000
000000000010111010000110
000000000000001001000001
111111111100011100110100
111111111101101101000010
000000000000000000000000
111111111110110101111111
111111111110101010101100
000000000011010011111110
000000000110110110111010
000000000011111110110110
111111111111111110000101
000000000000101101010010
000000000010010100100111
000000000000010110101111
111111111111010010001111
000000000011000000001000
000000000101101000110010
000000000001111010110000
111111111101001011010100
111111111101010101101110
111111111110100100001010
111111111100011010101101
111111111011011000100010
111111111111010110100011
000000000010011100010000
111111111111010110100011
111111111011011000100010
111111111100011010101101
111111111110100100001010
111111111101010101101110
111111111101001011010100
000000000001111010110000
000000000101101000110010
000000000011000000001000
111111111111010010001111
000000000000010110101111
000000000010010100100111
000000000000101101010010
111111111111111110000101
000000000011111110110110
000000000110110110111010
000000000011010011111110
111111111110101010101100
111111111110110101111111
000000000000000000000000
111111111101101101000010
111111111100011100110100
000000000000001001000001
000000000010111010000110
111111111111011110001000
111111111011001001011011
111111111011110101110000
111111111101101011011001
111111111100001100010011
111111111011110101010001
000000000000011100110110
000000000100001000001110
000000000001100010001110
111111111101111100001100
111111111111001101010100
000000000001011011110110
000000000000001000010101
111111111111101110111110
000000000100000110011011
000000000111010100110000
000000000100000110011011
111111111111101110111110
000000000000001000010101
000000000001011011110110
111111111111001101010100
111111111101111100001100
000000000001100010001110
000000000100001000001110
000000000000011100110110
111111111011110101010001
111111111100001100010011
111111111101101011011001
111111111011110101110000
111111111011001001011011
111111111111011110001000
000000000010111010000110
000000000000001001000001
111111111100011100110100
111111111101101101000010
000000000000000000000000
111111111110110101111111
111111111110101010101100
000000000011010011111110
000000000110110110111010
000000000011111110110110
111111111111111110000101
000000000000101101010010
000000000010010100100111
000000000000010110101111
111111111111010010001111
000000000011000000001000
000000000101101000110010
000000000001111010110000
111111111101001011010100
111111111101010101101110
111111111110100100001010
111111111100011010101101
111111111011011000100010
111111111111010110100011
000000000010011100010000
111111111111010110100011
111111111011011000100010
111111111100011010101101
111111111110100100001010
111111111101010101101110
111111111101001011010100
000000000001111010110000
000000000101101000110010
000000000011000000001000
111111111111010010001111
000000000000010110101111
000000000010010100100111
000000000000101101010010
111111111111111110000101
000000000011111110110110
000000000110110110111010
000000000011010011111110
111111111110101010101100
111111111110110101111111
000000000000000000000000
111111111101101101000010
111111111100011100110100
000000000000001001000001
000000000010111010000110
111111111111011110001000
111111111011001001011011
111111111011110101110000
111111111101101011011001
111111111100001100010011
111111111011110101010001
000000000000011100110110
000000000100001000001110
000000000001100010001110
111111111101111100001100
111111111111001101010100
000000000001011011110110
000000000000001000010101
111111111111101110111110
000000000100000110011011
000000000111010100110000
000000000100000110011011
111111111111101110111110
000000000000001000010101
000000000001011011110110
111111111111001101010100
111111111101111100001100
000000000001100010001110
000000000100001000001110
000000000000011100110110
111111111011110101010001
111111111100001100010011
111111111101101011011001
111111111011110101110000
111111111011001001011011
111111111111011110001000
000000000010111010000110
000000000000001001000001
111111111100011100110100
111111111101101101000010
000000000000000000000000
111111111110110101111111
111111111110101010101100
000000000011010011111110
000000000110110110111010
000000000011111110110110
111111111111111110000101
000000000000101101010010
000000000010010100100111
000000000000010110101111
111111111111010010001111
000000000011000000001000
000000000101101000110010
000000000001111010110000
111111111101001011010100
111111111101010101101110
111111111110100100001010
111111111100011010101101
111111111011011000100010
111111111111010110100011
000000000010011100010000
111111111111010110100011
111111111011011000100010
111111111100011010101101
111111111110100100001010
111111111101010101101110
111111111101001011010100
000000000001111010110000
000000000101101000110010
000000000011000000001000
111111111111010010001111
000000000000010110101111
000000000010010100100111
000000000000101101010010
111111111111111110000101
000000000011111110110110
000000000110110110111010
000000000011010011111110
111111111110101010101100
111111111110110101111111
000000000000000000000000
111111111101101101000010
111111111100011100110100
000000000000001001000001
000000000010111010000110
111111111111011110001000
111111111011001001011011
111111111011110101110000
111111111101101011011001
111111111100001100010011
111111111011110101010001
000000000000011100110110
000000000100001000001110
000000000001100010001110
111111111101111100001100
111111111111001101010100
000000000001011011110110
000000000000001000010101
111111111111101110111110
000000000100000110011011
000000000111010100110000
000000000100000110011011
111111111111101110111110
000000000000001000010101
000000000001011011110110
111111111111001101010100
111111111101111100001100
000000000001100010001110
000000000100001000001110
000000000000011100110110
111111111011110101010001
111111111100001100010011
111111111101101011011001
111111111011110101110000
111111111011001001011011
111111111111011110001000
000000000010111010000110
000000000000001001000001
111111111100011100110100
111111111101101101000010
000000000000000000000000
111111111110110101111111
111111111110101010101100
000000000011010011111110
000000000110110110111010
000000000011111110110110
111111111111111110000101
000000000000101101010010
000000000010010100100111
000000000000010110101111
111111111111010010001111
000000000011000000001000
000000000101101000110010
000000000001111010110000
111111111101001011010100
111111111101010101101110
111111111110100100001010
111111111100011010101101
111111111011011000100010
111111111111010110100011
000000000010011100010000
111111111111010110100011
111111111011011000100010
111111111100011010101101
111111111110100100001010
111111111101010101101110
111111111101001011010100
000000000001111010110000
000000000101101000110010
000000000011000000001000
111111111111010010001111
000000000000010110101111
000000000010010100100111
000000000000101101010010
111111111111111110000101
000000000011111110110110
000000000110110110111010
000000000011010011111110
111111111110101010101100
111111111110110101111111
000000000000000000000000
111111111101101101000010
111111111100011100110100
000000000000001001000001
000000000010111010000110
111111111111011110001000
111111111011001001011011
111111111011110101110000
111111111101101011011001
111111111100001100010011
111111111011110101010001
000000000000011100110110
000000000100001000001110
000000000001100010001110
111111111101111100001100
111111111111001101010100
000000000001011011110110
000000000000001000010101
111111111111101110111110
000000000100000110011011
000000000111010100110000
000000000100000110011011
111111111111101110111110
000000000000001000010101
000000000001011011110110
111111111111001101010100
111111111101111100001100
000000000001100010001110
000000000100001000001110
000000000000011100110110
111111111011110101010001
111111111100001100010011
111111111101101011011001
111111111011110101110000
111111111011001001011011
111111111111011110001000
000000000010111010000110
000000000000001001000001
111111111100011100110100
111111111101101101000010
000000000000000000000000
111111111110110101111111
111111111110101010101100
000000000011010011111110
000000000110110110111010
000000000011111110110110
111111111111111110000101
000000000000101101010010
000000000010010100100111
000000000000010110101111
111111111111010010001111
000000000011000000001000
000000000101101000110010
000000000001111010110000
111111111101001011010100
111111111101010101101110
111111111110100100001010
111111111100011010101101
111111111011011000100010
111111111111010110100011
000000000010011100010000
111111111111010110100011
111111111011011000100010
111111111100011010101101
111111111110100100001010
111111111101010101101110
111111111101001011010100
000000000001111010110000
000000000101101000110010
000000000011000000001000
111111111111010010001111
000000000000010110101111
000000000010010100100111
000000000000101101010010
111111111111111110000101
000000000011111110110110
000000000110110110111010
000000000011010011111110
111111111110101010101100
111111111110110101111111
000000000000000000000000
111111111101101101000010
111111111100011100110100
000000000000001001000001
000000000010111010000110
111111111111011110001000
111111111011001001011011
111111111011110101110000
111111111101101011011001
111111111100001100010011
111111111011110101010001
000000000000011100110110
000000000100001000001110
000000000001100010001110
111111111101111100001100
111111111111001101010100
000000000001011011110110
000000000000001000010101
111111111111101110111110
000000000100000110011011
000000000111010100110000
000000000100000110011011
111111111111101110111110
000000000000001000010101
000000000001011011110110
111111111111001101010100
111111111101111100001100
000000000001100010001110
000000000100001000001110
000000000000011100110110
111111111011110101010001
111111111100001100010011
111111111101101011011001
111111111011110101110000
111111111011001001011011
111111111111011110001000
000000000010111010000110
000000000000001001000001
111111111100011100110100
111111111101101101000010
000000000000000000000000
111111111110110101111111
111111111110101010101100
000000000011010011111110
000000000110110110111010
000000000011111110110110
111111111111111110000101
000000000000101101010010
000000000010010100100111
000000000000010110101111
111111111111010010001111
000000000011000000001000
000000000101101000110010
000000000001111010110000
111111111101001011010100
111111111101010101101110
111111111110100100001010
111111111100011010101101
111111111011011000100010
111111111111010110100011
000000000010011100010000
111111111111010110100011
111111111011011000100010
111111111100011010101101
111111111110100100001010
111111111101010101101110
111111111101001011010100
000000000001111010110000
000000000101101000110010
000000000011000000001000
111111111111010010001111
000000000000010110101111
000000000010010100100111
000000000000101101010010
111111111111111110000101
000000000011111110110110
000000000110110110111010
000000000011010011111110
111111111110101010101100
111111111110110101111111
000000000000000000000000
111111111101101101000010
111111111100011100110100
000000000000001001000001
000000000010111010000110
111111111111011110001000
111111111011001001011011
111111111011110101110000
111111111101101011011001
111111111100001100010011
111111111011110101010001
000000000000011100110110
000000000100001000001110
000000000001100010001110
111111111101111100001100
111111111111001101010100
000000000001011011110110
000000000000001000010101
111111111111101110111110
000000000100000110011011
000000000111010100110000
000000000100000110011011
111111111111101110111110
000000000000001000010101
000000000001011011110110
111111111111001101010100
111111111101111100001100
000000000001100010001110
000000000100001000001110
000000000000011100110110
111111111011110101010001
111111111100001100010011
111111111101101011011001
111111111011110101110000
111111111011001001011011
111111111111011110001000
000000000010111010000110
000000000000001001000001
111111111100011100110100
111111111101101101000010
000000000000000000000000
111111111110110101111111
111111111110101010101100
000000000011010011111110
000000000110110110111010
000000000011111110110110
111111111111111110000101
000000000000101101010010
000000000010010100100111
000000000000010110101111
111111111111010010001111
000000000011000000001000
000000000101101000110010
000000000001111010110000
111111111101001011010100
111111111101010101101110
111111111110100100001010
111111111100011010101101
111111111011011000100010
111111111111010110100011
000000000010011100010000
111111111111010110100011
111111111011011000100010
111111111100011010101101
111111111110100100001010
111111111101010101101110
111111111101001011010100
000000000001111010110000
000000000101101000110010
000000000011000000001000
111111111111010010001111
000000000000010110101111
000000000010010100100111
000000000000101101010010
111111111111111110000101
000000000011111110110110
000000000110110110111010
000000000011010011111110
111111111110101010101100
111111111110110101111111
000000000000000000000000
111111111101101101000010
111111111100011100110100
000000000000001001000001
000000000010111010000110
111111111111011110001000
111111111011001001011011
111111111011110101110000
111111111101101011011001
111111111100001100010011
111111111011110101010001
000000000000011100110110
000000000100001000001110
000000000001100010001110
111111111101111100001100
111111111111001101010100
000000000001011011110110
000000000000001000010101
111111111111101110111110
000000000100000110011011
000000000111010100110000
000000000100000110011011
111111111111101110111110
000000000000001000010101
000000000001011011110110
111111111111001101010100
111111111101111100001100
000000000001100010001110
000000000100001000001110
000000000000011100110110
111111111011110101010001
111111111100001100010011
111111111101101011011001
111111111011110101110000
111111111011001001011011
111111111111011110001000
000000000010111010000110
000000000000001001000001
111111111100011100110100
111111111101101101000010
000000000000000000000000
111111111110110101111111
111111111110101010101100
000000000011010011111110
000000000110110110111010
000000000011111110110110
111111111111111110000101
000000000000101101010010
000000000010010100100111
000000000000010110101111
111111111111010010001111
000000000011000000001000
000000000101101000110010
000000000001111010110000
111111111101001011010100
111111111101010101101110
111111111110100100001010
111111111100011010101101
111111111011011000100010
111111111111010110100011
000000000010011100010000
111111111111010110100011
111111111011011000100010
111111111100011010101101
111111111110100100001010
111111111101010101101110
111111111101001011010100
000000000001111010110000
000000000101101000110010
000000000011000000001000
111111111111010010001111
000000000000010110101111
000000000010010100100111
000000000000101101010010
111111111111111110000101
000000000011111110110110
000000000110110110111010
000000000011010011111110
111111111110101010101100
111111111110110101111111
000000000000000000000000
111111111101101101000010
111111111100011100110100
000000000000001001000001
